0 0 20.0
0 1 10.0
0 3 10.0
0 5 5.8578643798828125
0 7 10.0
0 11 5.8578643798828125
0 14 10.0
0 16 5.8578643798828125
0 22 5.8578643798828125
1 0 10.0
1 1 20.0
1 3 5.8578643798828125
1 5 10.0
1 14 5.8578643798828125
1 16 10.0
2 2 20.0
2 3 10.0
2 4 10.0
2 5 5.8578643798828125
2 10 10.0
2 11 5.8578643798828125
3 0 10.0
3 1 5.8578643798828125
3 2 10.0
3 3 20.0
3 4 5.8578643798828125
3 5 10.0
3 7 5.8578643798828125
3 10 5.8578643798828125
3 11 10.0
4 2 10.0
4 3 5.8578643798828125
4 4 20.0
4 5 10.0
5 0 5.8578643798828125
5 1 10.0
5 2 5.8578643798828125
5 3 10.0
5 4 10.0
5 5 20.0
6 6 20.0
6 7 10.0
6 9 10.0
6 11 5.8578643798828125
6 20 10.0
6 22 5.8578643798828125
7 0 10.0
7 3 5.8578643798828125
7 6 10.0
7 7 20.0
7 9 5.8578643798828125
7 11 10.0
7 14 5.8578643798828125
7 20 5.8578643798828125
7 22 10.0
8 8 20.0
8 9 10.0
8 10 10.0
8 11 5.8578643798828125
9 6 10.0
9 7 5.8578643798828125
9 8 10.0
9 9 20.0
9 10 5.8578643798828125
9 11 10.0
10 2 10.0
10 3 5.8578643798828125
10 8 10.0
10 9 5.8578643798828125
10 10 20.0
10 11 10.0
11 0 5.8578643798828125
11 2 5.8578643798828125
11 3 10.0
11 6 5.8578643798828125
11 7 10.0
11 8 5.8578643798828125
11 9 10.0
11 10 10.0
11 11 20.0
12 12 20.0
12 13 10.0
12 15 10.0
12 17 5.8578643798828125
12 19 10.0
12 23 5.8578643798828125
12 26 10.0
12 28 5.8578643798828125
12 34 5.8578643798828125
13 12 10.0
13 13 20.0
13 15 5.8578643798828125
13 17 10.0
13 26 5.8578643798828125
13 28 10.0
14 0 10.0
14 1 5.8578643798828125
14 7 5.8578643798828125
14 14 20.0
14 15 10.0
14 16 10.0
14 17 5.8578643798828125
14 22 10.0
14 23 5.8578643798828125
15 12 10.0
15 13 5.8578643798828125
15 14 10.0
15 15 20.0
15 16 5.8578643798828125
15 17 10.0
15 19 5.8578643798828125
15 22 5.8578643798828125
15 23 10.0
16 0 5.8578643798828125
16 1 10.0
16 14 10.0
16 15 5.8578643798828125
16 16 20.0
16 17 10.0
17 12 5.8578643798828125
17 13 10.0
17 14 5.8578643798828125
17 15 10.0
17 16 10.0
17 17 20.0
18 18 20.0
18 19 10.0
18 21 10.0
18 23 5.8578643798828125
18 32 10.0
18 34 5.8578643798828125
19 12 10.0
19 15 5.8578643798828125
19 18 10.0
19 19 20.0
19 21 5.8578643798828125
19 23 10.0
19 26 5.8578643798828125
19 32 5.8578643798828125
19 34 10.0
20 6 10.0
20 7 5.8578643798828125
20 20 20.0
20 21 10.0
20 22 10.0
20 23 5.8578643798828125
21 18 10.0
21 19 5.8578643798828125
21 20 10.0
21 21 20.0
21 22 5.8578643798828125
21 23 10.0
22 0 5.8578643798828125
22 6 5.8578643798828125
22 7 10.0
22 14 10.0
22 15 5.8578643798828125
22 20 10.0
22 21 5.8578643798828125
22 22 20.0
22 23 10.0
23 12 5.8578643798828125
23 14 5.8578643798828125
23 15 10.0
23 18 5.8578643798828125
23 19 10.0
23 20 5.8578643798828125
23 21 10.0
23 22 10.0
23 23 20.0
24 24 20.0
24 25 10.0
24 27 10.0
24 29 5.8578643798828125
24 31 10.0
24 35 5.8578643798828125
24 40 10.0
24 41 5.8578643798828125
24 46 5.8578643798828125
25 24 10.0
25 25 20.0
25 27 5.8578643798828125
25 29 10.0
25 40 5.8578643798828125
25 41 10.0
26 12 10.0
26 13 5.8578643798828125
26 19 5.8578643798828125
26 26 20.0
26 27 10.0
26 28 10.0
26 29 5.8578643798828125
26 34 10.0
26 35 5.8578643798828125
27 24 10.0
27 25 5.8578643798828125
27 26 10.0
27 27 20.0
27 28 5.8578643798828125
27 29 10.0
27 31 5.8578643798828125
27 34 5.8578643798828125
27 35 10.0
28 12 5.8578643798828125
28 13 10.0
28 26 10.0
28 27 5.8578643798828125
28 28 20.0
28 29 10.0
29 24 5.8578643798828125
29 25 10.0
29 26 5.8578643798828125
29 27 10.0
29 28 10.0
29 29 20.0
30 30 20.0
30 31 10.0
30 33 10.0
30 35 5.8578643798828125
30 44 10.0
30 46 5.8578643798828125
31 24 10.0
31 27 5.8578643798828125
31 30 10.0
31 31 20.0
31 33 5.8578643798828125
31 35 10.0
31 40 5.8578643798828125
31 44 5.8578643798828125
31 46 10.0
32 18 10.0
32 19 5.8578643798828125
32 32 20.0
32 33 10.0
32 34 10.0
32 35 5.8578643798828125
33 30 10.0
33 31 5.8578643798828125
33 32 10.0
33 33 20.0
33 34 5.8578643798828125
33 35 10.0
34 12 5.8578643798828125
34 18 5.8578643798828125
34 19 10.0
34 26 10.0
34 27 5.8578643798828125
34 32 10.0
34 33 5.8578643798828125
34 34 20.0
34 35 10.0
35 24 5.8578643798828125
35 26 5.8578643798828125
35 27 10.0
35 30 5.8578643798828125
35 31 10.0
35 32 5.8578643798828125
35 33 10.0
35 34 10.0
35 35 20.0
36 36 20.0
36 37 10.0
36 38 10.0
36 39 5.8578643798828125
36 43 10.0
36 47 5.8578643798828125
37 36 10.0
37 37 20.0
37 38 5.8578643798828125
37 39 10.0
38 36 10.0
38 37 5.8578643798828125
38 38 20.0
38 39 10.0
38 40 10.0
38 41 5.8578643798828125
38 43 5.8578643798828125
38 46 5.8578643798828125
38 47 10.0
39 36 5.8578643798828125
39 37 10.0
39 38 10.0
39 39 20.0
39 40 5.8578643798828125
39 41 10.0
40 24 10.0
40 25 5.8578643798828125
40 31 5.8578643798828125
40 38 10.0
40 39 5.8578643798828125
40 40 20.0
40 41 10.0
40 46 10.0
40 47 5.8578643798828125
41 24 5.8578643798828125
41 25 10.0
41 38 5.8578643798828125
41 39 10.0
41 40 10.0
41 41 20.0
42 42 20.0
42 43 10.0
42 45 10.0
42 47 5.8578643798828125
43 36 10.0
43 38 5.8578643798828125
43 42 10.0
43 43 20.0
43 45 5.8578643798828125
43 47 10.0
44 30 10.0
44 31 5.8578643798828125
44 44 20.0
44 45 10.0
44 46 10.0
44 47 5.8578643798828125
45 42 10.0
45 43 5.8578643798828125
45 44 10.0
45 45 20.0
45 46 5.8578643798828125
45 47 10.0
46 24 5.8578643798828125
46 30 5.8578643798828125
46 31 10.0
46 38 5.8578643798828125
46 40 10.0
46 44 10.0
46 45 5.8578643798828125
46 46 20.0
46 47 10.0
47 36 5.8578643798828125
47 38 10.0
47 40 5.8578643798828125
47 42 5.8578643798828125
47 43 10.0
47 44 5.8578643798828125
47 45 10.0
47 46 10.0
47 47 20.0
